544
321
347
66
847
603
1395
148
373
1152
1338
1045
888
140
1295
1441
602
529
1614
530
1800
87
932
1764
502
69
1388
757
1197
789
1841
988
1465
1827
1631
1555
617
726
1305
1286
927
1175
1264
1612
596
179
1297
762
398
557
1297
812
1320
1802
1756
1222
1682
867
1486
155
1028
976
1308
1218
747
435
370
1030
1827
609
161
270
850
105
466
965
1458
1230
1754
346
1265
1103
633
306
421
1501
1020
874
795
1636
587
1933
263
984
578
1149
81
1422
435
907
1010
1929
1048
1399
41
1915
291
233
1138
1273
1160
188
1055
240
500
459
1935
1448
364
1191
1070
68
16
300
344
39
79
1283
1391
727
301
1236
1371
155
337
1866
914
1595
480
907
1580
448
941
504
546
1150
648
1263
493
686
741
966
931
202
648
699
1205
1396
329
821
730
354
1257
152
1259
119
1271
1534
702
1798
1426
834
234
1496
1502
1295
1536
1168
1426
331
1788
597
1651
55
208
596
49
169
1707
865
1797
1109
1891
508
1253
1629
49
366
231
1787
893
3
634
1422
850
691
118
1164
1022
185
819
1319
789
39
939
880
1637
1088
962
407
263
278
1021
268
1044
1267
1576
244
257
615
976
1050
455
286
1920
1746
829
1591
990
1208
656
1712
744
1742
384
169
911
369
1297
1615
1286
1671
1487
988
402
1653
1910
1028
171
1429
1415
110
316
437
1717
1400
680
719
60
173
482
679
529
628
325
590
973
632
1048
808
658
235
405
321
1643
567
1073
454
531
1768
1130
334
679
1738
766
1926
1322
947
1107
1063
95
1146
749
947
1724
716
130
562
1195
20
311
761
1875
738
95
41
1749
1901
1584
212
21
1117
825
177
1690
1542
252
648
1119
1142
552
269
1710
1917
1835
274
917
1304
798
104
564
867
929
1627
897
985
161
1417
388
1851
1713
546
235
1505
1424
323
999
1584
1639
383
1095
1153
39
391
861
1726
1291
1608
41
1271
568
1867
291
732
603
896
1250
40
952
914
4
1137
1174
1155
1165
852
406
1881
979
1337
1057
721
398
1328
785
1015
901
870
405
1149
670
2
163
1021
1623
1683
264
1915
269
1472
1147
82
1321
723
242
1380
1316
1115
1833
681
1506
999
31
383
35
636
1030
378
170
750
1851
1420
787
1535
1635
1798
1179
139
899
479
445
1429
1257
1841
1240
1395
1299
1393
52
1373
1687
917
223
1130
495
319
1415
1709
173
1590
1760
164
763
368
1712
386
455
1575
1559
1754
860
1568
1390
1882
876
1588
1770
1100
291
1148
1768
305
1850
1888
602
1801
1313
1189
1929
953
777
1066
889
108
1576
180
1846
478
114
589
1754
349
1241
162
728
1508
596
526
654
102
902
1848
140
1834
595
1926
1750
320
297
1034
634
712
281
1115
1920
1804
1413
1070
624
1491
1873
330
1138
297
1267
1648
1112
811
1432
1600
7
876
233
1378
422
1198
189
1245
1468
1121
1854
173
573
922
777
1698
654
800
735
1855
1358
329
1657
1634
17
285
415
1281
1071
1113
1732
1591
863
1398
1506
1042
31
336
1225
785
1904
619
252
1792
307
500
772
1421
812
1678
1776
1329
1581
1851
1389
1602
1694
96
1385
1637
773
172
1407
1109
233
1517
394
1175
734
840
800
726
1034
1650
7
207
620
1864
1281
134
963
26
196
254
777
382
999
1058
770
797
667
1235
1088
210
1388
1072
1502
1253
1513
1873
1664
322
1684
501
692
608
1401
1052
929
900
577
595
1935
694
878
1940
1913
223
1692
96
431
1915
1103
960
1867
1664
1258
917
1491
1312
128
16
1346
1188
1618
1629
225
1394
1475
1869
542
1802
1172
1569
156
879
1378
856
959
1836
143
237
527
1330
1385
1178
1696
39
926
1612
1809
320
1447
1765
1453
1515
1260
1591
1660
29
1650
955
246
717
517
1189
1667
603
535
92
1923
1592
1934
78
1570
1610
1519
1390
943
218
533
805
28
1354
1784
1680
973
1205
315
1221
419
1081
1364
1886
384
1313
1517
1850
1748
848
183
573
962
176
1812
1298
344
233
883
751
1496
1696
1359
1234
1393
1902
29
139
434
936
1490
983
1284
1380
1892
28
1707
957
1858
1085
876
752
148
1850
630
704
1745
1146
410
1800
143
1048
1546
902
1547
885
366
1143
919
732
1643
1473
1660
1803
1376
365
388
130
388
1346
1626
535
193
162
250
1798
1519
725
1087
161
169
903
1854
555
441
1788
1918
1303
623
513
162
1675
47
1261
1276
1228
995
551
328
1753
462
1466
262
1628
1740
239
1803
1039
1810
1123
142
1225
1359
627
1414
1472
1799
409
801
1676
186
1559
1396
1570
537
1856
1771
1815
482
453
1140
1890
857
1760
279
1359
885
886
852
800
161
1079
1729
330
1164
412
1526
1020
704
1859
233
729
619
1912
289
768
1519
912
5
736
609
876
1443
1049
677
690
1591
1877
590
1817
443
730
1668
1934
215
1468
512
976
484
1692
23
160
589
712
1351
1313
329
450
562
109
1848
1283
1290
1556
246
77
1833
526
1925
547
1049
1180
344
1143
1570
260
1914
498
157
1151
331
1547
1446
558
1887
1618
1780
888
1131
1849
374
490
1902
1761
924
60
103
1752
699
1808
474
1224
1263
233
1166
815
851
733
105
216
593
1827
1031
1407
697
1216
935
182
861
1070
526
1846
594
865
317
1790
1040
1787
377
25
156
1083
5
730
514
1354
1209
910
1692
100
613
906
221
1729
807
258
1570
1246
1477
35
1146
1196
876
13
410
750
882
554
1591
893
372
1854
1734
1100
450
1894
874
1372
21
743
198
1192
1759
728
948
1575
576
1783
469
1032
1651
176
1749
1754
745
1547
1670
826
1016
980
1102
1402
337
1094
1226
1577
1156
1029
1553
367
1505
1531
428
220
867
1017
1076
642
687
969
1669
1335
1770
492
1299
1017
1431
1852
1701
403
1512
718
1884
17
1189
1507
1328
640
1381
1766
1128
640
650
1382
1728
1625
1579
299
294
1068
1605
1469
1125
224
520
209
536
1475
1338
1690
1432
1466
1260
1056
1164
126
1183
1463
1395
951
313
1819
123
455
1653
194
1634
1432
873
1242
146
1392
544
1885
1352
242
582
800
555
1923
1317
1494
126
1756
1660
1126
576
548
1085
1023
797
219
1662
576
1574
1289
1395
42
1336
448
1819
665
1208
469
912
580
1785
20
496
1650
499
26
1116
1519
164
395
452
715
445
1424
881
1096
355
439
235
1499
946
1755
192
1397
1303
1552
1496
1444
1145
668
1236
442
1454
618
489
225
467
1166
974
1078
1268
212
1245
1732
1085
995
262
240
1785
1190
1888
1905
1837
1382
1685
1444
593
122
675
1709
320
1732
964
347
408
542
1492
1882
1658
1287
471
765
1189
1707
604
630
539
496
74
1657
839
1460
896
833
678
1061
1914
1004
676
680
23
767
540
1058
827
1713
1228
797
1518
1172
1641
1492
492
414
1441
510
1707
546
1124
882
1748
847
989
1140
1517
1596
1269
1303
572
1733
565
185
943
349
1876
1296
442
307
593
913
716
684
13
222
1756
98
846
31
236
343
1818
744
1821
1928
1353
860
336
970
8
1394
1191
240
398
615
1805
900
878
581
298
257
505
88
1686
1510
881
759
1275
929
620
1357
852
1339
1377
588
244
1628
639
1454
929
1540
841
1302
1736
842
1505
1528
676
176
806
870
1286
493
533
1037
1289
246
99
885
662
1061
1656
1176
1047
596
745
1208
633
319
1328
1676
397
1328
1749
158
1331
102
844
438
181
1266
303
895
763
1106
1329
499
1747
412
580
500
1830
823
1927
1515
349
1136
1082
1536
1848
896
119
164
1889
242
611
307
459
1582
1040
900
103
950
449
1541
1398
1515
1242
1931
974
1679
161
34
120
978
973
731
1367
1582
1152
1189
646
1037
1361
1833
679
944
1028
829
306
99
1495
378
1275
1183
1239
917
489
1382
192
478
456
1118
720
1198
1931
1227
1244
331
1554
1431
1457
490
1117
785
440
853
1340
1458
1678
1590
239
1639
49
547
949
1529
1504
802
1373
916
1074
1094
668
1463
1385
1346
622
1738
763
172
533
457
1124
1351
377
1029
622
1303
592
1045
537
1756
1746
1781
1937
984
704
60
417
728
1749
599
1086
1223
324
547
11
314
1032
1669
1180
1702
754
134
1868
308
741
569
934
1080
1059
1322
1096
1268
1401
83
363
473
57
444
243
559
777
802
1646
300
895
1402
1402
1600
610
1939
1464
1424
1087
216
864
692
1462
1856
902
1861
692
771
208
735
1369
1899
414
694
1735
756
487
505
924
357
905
879
955
1477
31
907
315
503
1412
936
1891
132
1499
761
1706
1804
793
475
326
1454
468
994
1606
585
282
1082
390
483
578
394
1374
1387
646
1756
1736
740
1231
220
686
306
1382
784
699
729
320
630
1052
538
777
1556
1790
952
460
720
1193
1921
738
1661
440
1915
1294
726
1708
1517
264
181
1765
454
375
1543
561
1900
1461
1276
148
1761
130
1021
142
338
763
368
1348
923
1002
1288
1067
1846
464
133
11
532
1311
43
1502
887
1204
1899
76
105
1688
1332
670
560
592
1066
1131
1491
1527
670
1179
1172
1178
113
103
844
838
1095
873
1428
1881
31
1504
672
581
869
279
361
893
366
1857
130
1794
956
125
1411
1882
506
218
1919
1145
1396
900
1151
1361
999
1356
968
114
1700
9
1514
136
1518
1767
257
847
184
324
1886
1446
1209
420
1012
685
1188
1145
1288
1395
1818
1749
354
526
1216
1908
1893
530
1592
1445
33
1261
335
1294
1647
455
699
840
1272
1172
1511
604
1692
541
715
1471
1888
1376
1481
1702
299
1625
1174
239
1693
815
1257
1110
629
115
967
1621
463
590
317
1849
302
1401
10
773
22
1481
1406
1121
313
155
1105
71
1176
1757
1357
359
1539
644
288
1448
242
2
1586
576
8
939
83
1309
1027
777
1744
1696
676
1021
835
19
1732
1914
290
670
273
1345
854
1186
1119
1591
1385
1315
1824
76
1939
1463
1583
747
218
726
782
1827
388
846
1678
1514
533
1844
571
311
1786
1012
1872
474
1560
688
1116
1433
61
70
1039
842
1548
1546
1449
947
1638
1059
1156
1334
763
1653
801
1553
1746
669
676
890
1078
1495
613
589
701
1909
502
122
549
1898
1859
1544
760
1518
478
1238
1660
1460
358
773
183
443
266
1129
1483
1672
820
336
1075
1470
1304
1805
1522
1703
748
816
478
1643
828
1712
202
514
1681
1634
334
1357
1031
250
183
1441
901
277
578
2
1442
338
105
1116
291
331
1773
744
1106
669
937
607
1709
1646
515
450
269
486
1435
114
719
360
400
550
1426
1480
310
141
1660
1691
674
317
1658
728
1577
1546
552
460
258
1728
1397
885
99
1246
1364
164
1651
90
1398
1856
1911
777
928
1127
982
1729
1936
1898
1508
1260
1440
777
1511
1494
222
1065
67
643
326
1055
548
198
711
759
1330
131
1425
1910
539
1644
439
1688
191
503
1282
1291
1165
1525
1760
346
879
875
1632
183
56
432
516
698
655
105
1627
1414
1597
1478
1061
1441
101
114
219
152
201
1805
1819
693
1348
1313
1195
490
1765
1029
251
358
1374
1224
138
384
1013
1525
255
824
61
1208
1497
897
486
1319
588
1038
46
1781
151
786
896
1499
582
396
195
1077
52
653
1872
434
1856
60
647
673
1916
1900
130
1227
464
1689
1553
1232
763
520
1568
23
288
1904
1156
549
125
390
1212
1608
65
1271
1456
399
1170
529
1254
1528
763
1571
45
259
487
595
1537
1224
1419
961
1554
438
680
1091
597
473
1212
1911
201
113
1323
1522
938
1734
1806
356
1077
66
618
335
1761
1835
1083
820
146
1552
839
1329
343
292
327
1203
129
1230
291
99
254
810
382
793
808
373
1813
721
1348
368
194
1534
245
1913
237
1082
1513
1869
1438
1486
1816
1208
1772
1191
1870
313
933
1027
1464
1432
634
1787
270
341
1739
578
1813
512
1619
1616
1660
1407
1798
371
1268
1519
78
79
1608
486
1073
291
1635
568
945
506
1897
1664
382
542
216
1715
396
8
544
1306
189
439
1512
352
1736
260
1805
1282
1627
1689
360
1109
1217
110
232
1213
469
1778
1039
1175
680
574
579
1195
737
1030
617
918
1529
617
425
1198
1121
1098
1319
292
440
1863
1626
1218
1783
363
1009
670
1610
676
1120
693
1113
373
53
272
1176
111
1754
391
14
205
1333
504
81
1374
1189
1324
1886
1642
1133
1456
176
93
460
867
1483
1344
1484
1588
943
260
91
212
1819
1088
1751
997
477
1139
520
519
1937
923
5
620
954
884
1011
666
986
770
856
352
223
1713
192
1507
1667
1525
56
226
1257
1864
558
409
1853
20
1339
287
1386
1723
1483
1085
1694
891
1586
331
1253
509
1055
764
252
1442
679
1108
834
299
598
866
1900
177
919
43
508
1716
1861
1266
1691
97
314
1606
937
1267
502
924
1188
600
999
1029
850
1789
1506
1168
1798
1848
1399
1625
719
1012
273
896
451
1543
1657
166
496
1005
220
938
1909
1453
148
1780
956
442
449
23
501
165
1658
310
510
1201
1270
55
940
37
425
1577
931
655
862
1056
381
681
28
184
17
1803
834
1251
1014
153
729
1827
1869
782
168
1368
1473
1650
1902
1113
156
129
1128
817
69
303
509
173
58
544
404
10
85
1759
1112
1337
676
269
797
999
934
677
1125
974
4
1400
1413
849
1341
1261
301
1633
1727
792
1182
766
806
1369
126
196
699
1506
1322
16
259
1111
284
498
141
424
1196
1748
416
673
551
683
1090
33
99
1499
478
1763
580
812
1597
655
538
1021
539
373
587
1030
1371
550
156
267
430
237
1137
1524
1710
1029
663
721
866
537
600
1504
1814
1146
269
773
116
68
489
154
316
569
1491
1074
160
1656
945
1723
945
903
476
293
1348
38
611
784
930
1314
1834
937
1814
1288
22
890
999
373
1555
961
704
1757
770
767
830
1899
1364
1510
535
14
88
860
1218
1367
1048
499
1723
1151
161
585
1490
1659
1360
1347
1005
1571
1590
1631
840
494
1583
1356
1247
483
1741
1496
1501
804
741
1441
754
306
350
1444
86
824
1220
231
1351
249
424
272
1171
1117
1043
553
1235
581
945
1290
912
1642
810
1372
250
1081
505
1144
1737
725
1806
1776
857
1939
1364
1549
364
1911
928
1770
394
874
1685
1191
747
611
1541
30
884
262
80
223
534
1321
1207
174
1129
1571
1002
665
576
215
109
187
475
789
342
969
385
1497
549
206
582
1667
1280
689
531
884
1834
851
1546
1269
928
1681
1370
1678
1210
953
1132
518
1279
789
1104
1212
1717
1254
920
1341
1054
212
877
1905
1313
215
1307
495
384
577
1929
692
1164
1430
1511
443
173
968
1030
1770
919
1572
540
1027
1555
1884
1632
992
1100
1053
504
1793
1494
1575
1306
1556
1863
1587
345
735
1030
1270
1817
250
1788
1276
936
1554
1066
631
853
817
139
221
429
1582
1606
911
1380
1059
1464
360
247
942
245
1149
1915
1403
1845
1425
102
977
602
351
1781
520
1521
720
1905
1767
886
1244
1847
55
1902
765
850
23
222
465
1464
1184
701
1581
1085
783
1301
1800
1528
599
692
318
1546
584
14
975
1232
753
1634
169
1556
186
1233
1784
1608
310
1395
1391
1905
1577
1360
938
891
1690
1471
617
1103
120
667
1120
364
1908
371
1787
1084
1175
1035
1218
127
93
1249
819
1500
1273
834
708
869
282
982
1238
1538
1156
1468
1756
986
1612
1413
1475
502
1103
178
453
180
1426
961
97
59
1529
802
1578
1358
1678
1165
450
634
1202
377
529
84
1240
1253
522
136
1345
547
1281
676
1074
919
297
1417
773
1325
1640
704
1348
305
1814
1008
1561
1134
1204
166
1176
1659
50
236
1256
541
1032
1598
1507
1416
99
1742
1366
1415
1883
239
1817
1933
1830
1692
1176
870
1354
1163
87
658
77
1925
843
1015
1162
1822
555
1807
1461
1801
1203
852
1832
502
1209
1132
483
1331
849
1080
1456
535
1828
587
167
321
352
937
110
624
1276
1021
298
1205
1034
860
1472
116
1100
298
819
1187
1622
292
728
1464
15
181
1829
39
1213
1573
1372
1371
1484
1182
346
995
840
1480
1648
1437
881
1808
1730
761
38
1771
787
1666
1683
402
721
1904
62
1918
1430
1695
1432
443
1130
947
1596
1008
95
888
1308
1051
300
985
1376
181
1226
1231
414
834
123
1533
1567
922
1625
419
1269
179
1311
1580
1899
108
104
914
1818
1875
1802
928
660
1238
826
155
1149
454
932
1826
473
497
947
1326
568
1760
416
1711
1218
1404
1692
588
943
1667
560
1746
1114
516
1424
1524
1009
623
197
346
1723
1814
1331
1207
290
521
1228
1561
1699
515
1377
1712
1711
1378
1590
816
1792
848
1389
1537
244
1593
547
1801
51
760
586
1470
608
1482
1741
1861
985
982
450
1074
129
1134
519
765
1230
1899
36
911
1132
1356
683
42
106
1617
1531
689
1891
1223
1306
1149
171
673
409
212
543
459
1752
73
1163
1064
1395
1792
965
1323
889
1721
1104
1333
900
555
394
1218
832
909
1563
1829
1434
1358
1443
1543
1023
178
8
249
1562
1245
1688
331
200
435
634
1337
1663
1628
1882
1899
1443
35
1625
713
156
1055
676
1356
530
1472
1039
65
1923
871
1861
1296
417
1790
1876
57
946
239
676
191
1906
1880
1707
1517
715
1903
809
957
665
309
1050
1305
1491
803
1132
688
759
1641
1504
493
1358
300
145
151
789
1603
1786
435
845
401
1883
1506
925
1144
357
1771
1762
396
1707
1350
680
178
620
1644
949
1912
692
745
473
1164
93
836
1174
1264
904
1737
1517
1667
898
953
1172
521
1435
833
1349
686
310
655
385
964
709
741
1696
1930
1067
277
1084
20
663
3
121
1797
670
634
1250
913
254
17
1774
1668
747
995
998
1401
51
356
387
1175
976
786
1670
1124
1048
1877
549
1554
1125
923
472
897
186
291
1704
1002
1202
796
1853
1265
309
816
1693
1446
1795
756
283
988
1931
1909
1928
1798
1768
1339
1914
1386
1594
313
489
876
620
136
1822
535
1378
454
1498
1641
589
139
1525
902
224
644
928
1920
1610
486
1651
1068
1094
1318
1409
679
1019
1511
1044
42
290
899
124
1265
988
938
1029
545
569
1688
611
1794
1867
1417
322
504
1571
1121
106
887
964
1770
1781
1583
998
828
1051
1408
1697
1889
1856
1057
308
981
745
871
104
1539
301
1344
661
690
214
1746
1083
408
426
106
1644
279
1604
473
484
609
1079
769
1361
881
1482
1795
1716
1076
852
1897
573
1571
714
1060
1154
1791
542
738
313
643
1422
1488
1422
1200
196
1395
161
282
892
1718
653
1086
260
281
253
758
1661
1690
1470
792
318
1028
1418
583
1555
1724
54
1589
1378
695
530
217
734
564
1908
488
1027
811
126
1496
350
769
636
309
2
131
1848
271
1933
1248
196
830
818
1753
768
1644
1452
1811
1460
1564
132
1163
1635
743
436
1833
1020
639
1609
1925
1424
1914
1203
840
1415
165
316
1655
818
1288
1530
1495
890
1928
1398
284
1164
174
1030
101
1409
902
1007
1461
694
1523
905
1903
1670
839
1431
1734
546
602
1836
251
1547
218
155
1919
805
1032
1414
445
1629
1043
1682
483
534
789
1850
820
663
578
130
839
18
601
1602
1930
1126
157
1695
237
1934
107
1871
590
601
1194
1229
535
880
1163
900
1523
1136
131
1103
1668
235
802
544
1301
398
87
16
923
893
1517
1756
68
614
1219
1164
783
1820
1444
1524
1704
675
295
254
1173
802
1850
1758
1577
665
448
757
1555
1395
1414
1795
1605
433
1298
1521
1359
971
664
1103
1644
1244
1933
689
860
1130
1141
1580
252
121
174
733
1309
1166
1112
1594
1820
1025
1408
1633
147
290
489
1299
843
500
1164
285
1901
230
671
17
711
1598
846
1199
161
748
680
1605
423
1511
102
795
969
1128
1831
1799
959
1924
1015
537
651
993
1242
483
53
721
613
1177
1471
1542
1718
1406
1566
1693
87
1218
1286
528
1480
1862
1351
693
1388
997
1416
1459
657
315
838
1765
1468
873
1462
1342
768
533
491
299
1264
1792
469
1746
1615
1189
122
1453
1173
1889
1522
1759
214
1036
1049
570
436
319
175
416
20
613
1373
781
1570
1438
1147
1676
774
1352
1355
1037
858
1775
869
383
1273
1405
535
1504
1919
1752
1486
1613
767
1293
1636
1862
1714
1710
8
1915
1353
433
1882
205
1239
820
11
1808
682
1684
186
687
469
314
444
1234
391
832
77
790
58
271
1517
1800
196
454
328
1934
107
877
1879
849
1499
1095
671
1183
429
404
183
1650
1568
1526
1416
167
381
363
552
1173
699
1574
306
1894
1429
1297
1077
341
309
1276
1132
1920
1352
418
794
709
1779
1120
653
1860
1067
1752
1441
1592
1315
1276
1415
418
626
706
1429
1373
842
1662
1700
426
1320
1384
1096
312
541
1184
155
647
1237
1132
1936
298
1212
457
1929
1622
1401
275
1880
1521
1796
1906
1575
984
133
1133
378
875
956
1286
139
697
1089
1660
247
926
408
124
391
1351
130
1148
1590
1125
1584
1671
520
969
208
1730
481
1724
1448
1436
610
823
1193
106
109
124
1840
750
271
1229
99
1432
18
147
1258
222
925
159
1719
700
386
1183
1004
273
529
897
410
566
594
909
214
911
1192
606
324
543
1383
1823
945
1751
1316
733
1414
1579
1055
615
683
1478
1305
242
1355
27
103
887
1167
319
1045
226
1344
971
1507
1857
1758
1814
214
1929
1326
713
864
816
1374
334
1660
58
896
592
218
403
941
40
1349
1419
652
1533
435
679
1458
1372
120
589
1697
1079
572
1016
246
1375
479
1935
14
117
59
58
404
1043
1131
1551
385
607
1634
1831
1487
382
1545
1863
197
771
356
1210
261
956
553
1727
0
791
1355
1316
646
1672
1753
564
389
988
1471
1898
1493
1559
1900
688
1855
256
915
1613
128
1896
1597
1402
1669
1559
571
770
1755
1327
358
261
1005
1722
981
134
122
212
1322
1133
266
1720
1272
281
1740
1116
567
957
1202
1660
841
423
321
1015
1244
400
65
1058
927
660
1833
1208
767
1577
591
1295
625
1226
894
391
238
1632
1784
695
395
1739
953
399
171
277
1001
112
68
1631
915
1241
123
1636
428
890
700
812
1410
1147
1774
312
1909
39
307
1657
1485
265
1716
316
1841
1493
125
1535
577
486
1869
895
1068
664
1100
1300
537
1466
1489
1284
468
1757
132
686
1904
1524
465
1319
630
1800
1594
1624
35
870
789
549
1149
1183
906
299
935
1014
1066
1913
1119
1770
92
662
1847
1831
1605
1179
1692
903
1486
995
114
931
1503
1327
1290
307
1553
1766
1820
112
701
1276
1284
609
336
644
463
1671
1546
1625
1516
1787
747
1041
1190
542
1476
73
1912
1437
1131
1865
850
374
310
970
1643
1841
595
453
1118
886
828
1114
405
499
900
758
1372
661
319
1665
1018
1859
952
1520
1317
908
449
1692
1650
628
1134
1903
1086
1416
1278
86
260
381
1438
172
1457
1321
1861
1914
339
1928
242
157
1914
1291
1455
9
44
1813
320
33
249
1921
378
100
1433
420
1773
162
199
1114
619
965
541
774
1471
682
1238
1742
1546
484
881
1168
852
1098
1078
326
489
1521
626
621
9
817
108
363
1637
1153
1819
1458
1356
1311
835
1661
960
62
1491
1500
810
1879
1412
1128
1549
207
335
1445
508
1153
640
942
1159
1913
1331
1040
574
583
1661
267
474
1038
386
1068
68
1424
55
1275
578
1784
224
1662
609
801
1747
83
1390
695
1529
1153
562
1796
1573
1867
1011
539
637
1065
349
1689
420
982
443
658
867
488
915
56
1901
1484
842
407
1594
834
122
300
268
1163
488
1439
1803
985
215
1444
1619
997
214
1523
1555
1695
1133
1327
397
871
1260
1010
703
769
775
943
487
1479
1836
1260
61
1708
671
186
1620
151
1039
1225
1139
456
1931
1676
1571
1664
1660
1934
679
1266
1702
1088
48
66
426
694
1087
851
803
1894
466
235
446
1584
1554
1528
1318
648
1229
1487
690
612
585
354
572
658
1707
621
1053
611
1908
173
1350
150
900
1940
960
1844
1919
111
1215
1438
680
1267
502
1435
1062
1873
153
1374
1469
1821
652
1526
1211
414
520
584
217
1650
1088
546
1053
1659
896
311
1018
77
331
1440
78
1848
1889
917
2
461
5
1519
154
770
252
1546
1771
536
270
51
211
1321
873
1568
1858
1352
1664
150
577
446
958
782
162
1537
336
1936
814
166
1182
308
1232
1422
1734
1834
1910
105
1863
292
269
510
1760
413
536
1461
1021
234
1854
1411
1428
1162
1089
1474
374
262
15
175
975
1723
1128
1847
1661
1919
693
1183
292
806
1808
1478
137
1486
326
1270
1755
166
41
1078
922
1776
591
963
274
645
549
1575
1316
517
491
59
13
1752
1362
45
1559
1134
531
645
1768
1177
1854
733
759
62
992
1704
38
483
316
694
1586
1269
90
305
89
1779
1493
756
1915
554
1639
1498
742
626
1522
185
450
310
950
30
679
589
670
1331
862
467
1209
1658
1720
1662
623
462
243
1825
1127
1527
1306
135
487
978
1731
965
181
693
1705
1270
1437
1340
813
1823
1894
352
725
827
760
936
867
988
237
48
836
750
1802
1888
1777
1381
1247
1826
1506
392
231
1421
1039
142
89
811
1222
808
779
1175
890
185
1234
622
1247
206
1666
1355
302
434
785
43
307
711
1020
1790
1500
1326
624
936
1059
127
109
159
1929
1296
1716
1342
1160
1118
1219
792
93
999
1375
1619
10
960
787
616
325
1837
1602
1651
1139
492
1805
1902
964
1147
670
898
140
1807
1350
1865
969
1768
32
1141
1798
1719
1564
108
1094
1182
1863
1807
1540
469
1895
1332
373
85
180
292
1668
339
1810
926
1155
357
1178
1230
1545
892
758
1836
893
1865
1355
952
531
501
855
1226
17
258
1021
690
170
605
1322
1450
1321
73
913
575
1798
1916
450
1632
1513
1179
243
191
1872
707
1244
1514
974
1381
843
108
1077
1528
1630
69
1884
436
534
1662
864
1303
1269
1454
1472
1939
826
378
1263
1056
1150
1693
1903
1595
540
1124
833
801
644
1041
204
1222
1135
738
1464
1549
1846
1025
1787
1726
367
1814
1339
1276
1548
207
313
580
1870
1618
693
1852
586
228
1094
142
1443
997
1109
904
1725
438
727
564
399
1803
1201
1339
1805
816
446
1606
577
239
46
1267
1315
1228
817
1151
35
57
582
211
116
1228
139
530
51
1027
1785
543
1546
484
1640
823
746
1868
997
633
1474
296
531
549
1540
968
1544
502
1512
1800
1395
1447
954
1906
1115
191
9
919
1496
619
853
1377
967
943
1682
161
1151
905
886
48
1145
299
48
894
806
1852
557
1091
1751
1260
337
512
963
953
1656
1721
1074
455
1132
507
0
1499
178
1829
374
1389
1459
1211
1688
1418
1141
779
1170
74
352
1703
1203
1598
1475
77
1320
302
850
1096
1109
892
1649
1215
1861
294
1335
1151
99
1718
546
1242
643
1033
739
1471
1757
72
908
1456
1194
978
47
175
1596
1693
1605
35
312
608
270
1749
1501
216
272
740
1783
1735
473
1080
1607
1759
974
1850
759
630
1805
766
1578
1740
1881
511
1149
1140
377
1389
1311
1250
1247
1674
1697
1229
442
281
1733
800
1142
653
1882
134
1348
160
1107
1523
723
1522
1699
167
75
1691
794
683
1201
892
1302
1761
1896
1739
1356
1576
537
1345
386
878
1677
1266
1769
1668
111
327
812
1528
1468
1472
639
1459
469
1133
1222
594
1027
1086
500
1507
888
649
581
1846
863
1149
605
1653
490
640
530
260
32
439
1523
243
1827
153
46
1480
151
1481
1383
81
596
927
1089
540
72
1366
1316
696
1149
351
1474
1915
617
1406
532
1703
345
808
303
363
1349
1906
1518
801
1141
1353
1382
1401
194
1208
1779
1124
566
1160
1921
1855
268
1081
1086
139
251
257
333
525
487
1530
929
1405
94
1723
900
244
158
119
704
174
1511
1708
1511
1176
1164
263
1788
1322
681
1606
699
190
1691
1839
1016
1768
1355
1004
1186
1031
1641
911
1382
1320
269
551
1573
315
1332
1875
1132
784
1304
873
965
760
127
1782
1402
363
808
23
1676
1426
1224
1323
893
1162
919
685
742
1361
1164
67
1454
182
444
208
760
1532
1663
1548
633
872
1549
529
1540
542
1199
961
656
1774
1555
1313
209
1625
1740
1284
1276
613
1444
442
837
1884
1741
236
22
1578
1591
1289
1794
853
331
372
1353
1693
333
820
595
932
1064
690
771
946
156
1007
266
792
168
237
1093
993
1662
1676
957
312
230
490
512
951
453
1783
510
377
1220
44
277
734
1602
873
1226
481
1911
185
381
934
1750
414
986
1439
1551
1074
184
1348
1499
590
927
1702
800
1217
413
483
1304
1253
827
1291
767
848
37
232
1691
1707
1821
1074
1360
1292
1573
1751
1265
6
1911
1733
1369
1329
903
1742
1788
652
289
299
624
634
1778
401
818
351
617
359
1558
1047
803
1106
433
1525
234
1212
1269
457
993
1138
717
701
1094
936
576
1865
1816
1183
1845
1565
584
1032
523
379
363
275
1660
516
1054
279
1651
1603
28
1590
263
1386
137
1488
1706
688
1272
1509
448
1822
1724
1776
251
825
1222
990
1161
737
713
621
1487
1726
164
766
1026
3
975
1792
1598
177
320
4
1879
1070
467
926
762
1092
1886
1072
515
1579
160
310
1602
1524
724
860
720
1598
266
1890
1141
531
1202
1701
340
1491
613
1418
200
1863
449
1094
1159
172
1474
227
916
545
822
717
180
1640
970
505
1625
959
1420
1416
27
274
112
1265
169
1261
1218
1780
622
1332
1883
1580
1578
1693
1843
433
515
738
1894
877
963
1165
4
1940
1196
646
1051
884
1106
584
183
1761
1397
734
1428
1050
1400
31
1497
1691
1041
1879
586
131
1536
877
1266
212
1803
1470
1020
1210
701
1886
1349
279
275
1798
1020
770
848
870
684
1032
385
1724
1737
1139
1883
207
1661
1639
18
844
1098
148
1144
6
683
965
1382
1601
1203
1647
1482
74
1872
323
1564
495
171
903
1613
556
1790
952
1891
101
426
534
1785
1245
1933
498
584
1568
17
1015
815
300
1205
350
629
1773
1340
327
380
1570
1611
485
714
1519
1712
1900
1324
1878
431
505
934
1460
1914
1023
1829
75
936
1027
1933
1251
1103
1175
625
1871
563
1174
1612
608
83
647
463
215
464
1902
115
82
75
655
772
534
1066
1489
1329
885
598
1158
1259
658
1846
1551
718
1293
1671
1929
1280
179
1681
47
818
1509
250
1372
243
1897
1775
403
1712
1509
127
1014
1060
410
815
535
1759
1649
1626
542
1909
1454
989
1768
372
1868
629
1028
1471
889
750
469
1036
846
12
1772
1284
1107
1885
906
515
1463
447
880
1347
1682
299
458
1371
1734
692
1136
331
996
1492
1013
1249
546
1462
894
1752
1415
315
1773
1103
1182
1377
533
1833
1624
1882
152
677
387
933
1275
245
1078
1683
479
116
880
826
1190
757
1070
543
931
941
491
1656
1601
1922
1722
1745
12
1292
753
216
1514
1296
1585
981
1795
1685
1149
552
515
490
1289
1185
436
719
1149
703
276
1278
1070
521
598
870
1506
97
1684
1608
1800
987
236
1609
1896
1405
1198
736
628
1644
99
328
1815
1352
142
1041
996
1897
844
449
195
1038
1456
840
598
1915
310
1569
1307
1858
76
1935
1246
842
1887
1232
619
258
762
480
1091
91
1381
223
378
795
1447
1386
435
1259
828
1110
1609
106
1207
1244
203
362
770
863
1198
313
1657
1252
84
1663
1374
1400
1416
208
1922
1264
1870
1778
1638
1305
1083
548
782
952
696
1467
374
1370
1236
626
1868
1885
953
1467
727
360
992
1698
1025
1505
841
1435
1387
1170
262
1500
1902
1794
1225
471
1584
235
1573
1016
153
571
79
82
1272
82
1470
1878
1834
1643
70
617
1073
1155
1675
140
1674
1824
1389
1398
613
1172
1061
1890
1236
653
1475
186
407
600
1321
1235
9
1671
1780
1206
910
762
398
1187
1792
262
67
1914
453
1574
1526
1400
392
1675
1468
1266
1324
691
524
1355
90
951
38
362
1066
761
1101
223
255
1458
1470
1634
30
1098
838
1238
248
1486
1065
266
848
427
1817
510
915
382
589
1251
202
47
1890
618
1887
1364
1427
121
142
870
951
1408
1453
625
473
1523
847
732
625
1002
1865
1739
1412
645
1052
222
744
1718
1136
934
378
1359
1913
152
1902
669
1859
936
212
1665
706
438
1349
867
84
1933
1830
1028
200
1007
30
1716
1813
902
1027
1871
1768
1606
1217
968
1579
1830
356
523
1896
456
962
902
189
1095
834
9
1587
699
275
1783
899
84
481
178
557
203
22
1523
1377
4
1647
119
323
941
1319
691
1618
1806
1093
1612
365
641
626
1077
946
535
1919
312
819
315
1007
329
1582
707
418
590
1390
1449
1624
1596
1035
194
1011
917
1289
1606
958
1077
1837
1926
1685
631
65
1196
1526
1612
1732
1064
4
704
821
1544
1752
989
1280
1440
821
530
732
975
484
1103
1841
1400
906
274
344
324
1126
1387
972
1258
1715
912
292
95
33
1571
1629
1726
1052
807
923
373
894
1035
824
228
629
1592
1089
1920
695
864
796
431
1882
1409
392
1215
626
1936
1641
284
1011
1491
139
1251
459
106
862
232
1889
603
976
564
1430
1740
359
518
390
382
330
1903
1640
1694
612
1326
849
351
646
321
1393
247
617
935
732
570
1209
306
484
404
1817
648
920
427
424
169
772
861
1483
741
1364
1134
583
975
955
1444
260
649
142
859
372
616
1623
1921
720
82
1852
1881
424
1939
38
918
1399
1279
396
104
147
1322
692
1646
1677
1561
277
356
401
1917
973
1229
1535
389
24
1849
898
1059
1846
893
731
862
1564
1117
1329
1516
75
496
1892
1903
1413
682
1093
993
74
1545
463
1641
516
1621
998
596
48
1424
940
945
1254
76
612
99
632
972
358
1046
1553
1639
257
1893
1469
1726
1159
765
1568
1623
404
1214
1926
279
970
871
784
377
1917
370
986
1252
22
978
130
1151
1825
931
37
336
1324
1224
162
1453
50
1624
1178
182
365
640
1920
434
1180
1289
224
411
1136
681
1844
463
801
1657
753
350
774
733
904
135
1923
1273
895
1502
602
1362
1789
1917
1201
1497
1328
1004
1535
1461
1517
69
1923
1138
1221
448
395
97
725
1163
1625
449
1462
1358
1599
1577
51
1765
279
921
1850
1692
731
993
885
856
1152
1684
598
490
1878
475
1629
1389
1700
888
939
905
753
1825
539
1824
1635
732
315
256
288
1122
23
1048
1714
555
893
1490
118
507
1263
247
1284
1203
1928
485
35
511
297
1006
1159
105
982
333
578
1881
1461
542
1471
511
1140
450
181
813
1313
1875
701
982
112
1772
977
717
939
426
358
99
897
796
958
1319
427
421
1045
13
1500
1064
1335
638
649
1126
1275
1038
1215
806
1438
1089
1345
765
260
217
1265
468
51
1540
1014
763
1041
1697
878
1714
1197
998
120
1884
508
913
1786
451
582
1201
1193
524
1365
1574
179
198
530
1454
786
1005
1364
1130
477
228
723
197
734
1488
1810
1457
450
665
347
296
822
57
121
129
829
33
1452
16
713
426
24
365
51
1399
1548
1782
148
678
1398
1828
1086
280
36
401
230
1357
769
1259
1156
1477
1351
1006
261
593
349
497
1901
1419
1746
142
1632
1440
1248
922
1813
1380
1909
1843
514
1067
958
1618
639
1067
1238
298
1823
1084
1319
1888
1239
1002
1474
1737
732
824
1491
1827
1343
669
1656
532
632
964
504
1175
72
1514
643
997
294
1672
930
1543
1368
485
1870
506
303
1636
771
964
513
1391
298
1265
995
1521
230
547
498
1932
566
1230
824
702
629
145
1252
1549
279
1025
46
194
562
1126
1835
1883
1691
1872
1207
1399
571
1288
1057
850
1259
1522
337
327
1581
531
653
1124
783
441
164
1550
1792
1791
398
159
1002
1404
469
218
94
310
70
423
467
1824
691
1014
1104
1159
1233
1407
1461
1835
1229
1319
1585
184
1779
638
1778
823
63
14
623
218
1487
786
219
278
192
1561
1672
1614
398
1564
592
1334
145
497
316
473
39
1661
1287
1433
1620
1402
576
297
889
1784
253
387
1823
80
1006
72
110
1438
1623
409
758
1118
1667
1117
1418
156
334
931
1589
1298
419
443
1538
1056
982
337
1820
508
1553
1493
332
1168
1291
546
441
925
1561
318
647
563
156
1325
77
1519
1350
1026
705
1936
410
1032
950
944
1729
877
443
1559
674
1400
85
440
255
324
1167
490
1722
423
145
1461
1620
1446
1203
480
1512
1256
1652
1622
1337
162
1145
950
700
1346
1475
1687
184
399
480
1080
1324
209
827
326
1207
1620
124
281
657
223
387
790
677
389
1735
371
739
1926
1788
363
1026
370
790
895
1090
383
998
1138
208
240
297
1176
842
1441
1224
359
1363
322
1853
1053
888
1607
627
1417
840
1678
1583
1246
135
1520
191
314
1049
649
100
805
424
1822
1893
609
589
1559
1116
637
35
1703
1414
1858
793
635
284
1374
1184
1561
50
385
555
398
1063
307
1058
688
316
860
711
558
1540
1424
1222
1772
1125
1536
519
1890
1703
596
1351
755
1220
1850
1446
184
473
276
1610
1734
743
1351
578
1184
525
1050
1876
478
347
1261
797
463
98
659
1808
516
93
1154
1221
1169
938
1192
1505
1088
1128
1251
56
1181
1385
1712
1590
1582
1392
957
637
297
99
192
791
1921
1513
994
1862
1066
625
1153
705
1918
1058
1055
1610
1181
493
1759
479
1754
1176
1438
1189
836
1912
71
731
41
1832
298
1863
1036
1527
963
534
272
700
1800
1690
471
1143
288
1695
695
263
826
520
1861
1522
329
788
1134
1783
225
700
1126
505
328
291
103
384
439
1717
75
667
887
9
5
648
959
1359
946
1874
1243
955
653
1559
8
785
301
1400
1745
1442
1689
1445
1294
1584
1065
162
1918
1271
822
1734
1393
1457
1592
1920
152
547
1256
1529
1937
1014
1739
369
1867
1356
1224
761
994
1792
1900
1450
1745
874
1134
1381
1886
1893
1440
134
1617
1805
1178
691
737
871
1502
725
1642
1435
316
403
1402
999
509
1624
876
526
1582
1059
1782
197
1283
878
1490
1411
157
272
924
1083
103
884
1228
909
1681
1470
1508
1515
241
1603
1283
973
57
993
158
1299
1746
1205
1317
429
170
1298
1554
48
54
1732
1430
1237
625
1226
568
1767
769
1284
1533
519
1374
1413
1444
1260
143
669
425
1116
303
1739
711
1731
881
1218
148
911
1110
206
1750
409
978
862
476
1159
983
1347
1628
94
594
1910
1498
288
343
1147
1838
1449
1672
644
1605
1085
526
835
1430
1930
1884
1015
118
506
1762
1548
1010
1185
73
182
387
1927
25
699
594
721
1798
1544
1445
268
585
1795
1765
782
164
83
1671
7
1797
1247
219
1221
535
1595
1503
975
1294
804
1058
1578
278
740
1323
1770
1534
1318
1076
1903
1881
1094
1157
67
1245
1891
188
882
956
1556
1608
1116
1340
61
1909
1089
902
824
93
1310
1293
1367
1420
1579
1188
460
1273
785
1572
869
1031
1442
570
465
1638
816
75
281
1447
1102
1789
1786
695
380
349
792
316
312
302
1895
1831
999
1330
1431
1702
1170
1330
1261
1787
130
290
1047
315
958
1679
1658
836
1821
1441
918
1441
54
1065
706
871
1779
1052
503
1862
309
100
1205
827
246
1746
1621
1193
512
24
1643
823
820
1916
449
714
1337
1890
248
106
1543
1406
1369
494
1501
1302
1765
1455
889
567
632
1159
1391
891
1505
80
1607
1772
399
1324
124
863
143
1406
915
1181
1730
1761
1166
139
218
329
1362
1149
1881
1279
1554
1499
860
1403
994
1770
1851
1221
1172
472
939
1326
1598
1037
26
333
1568
869
206
874
932
1623
1430
177
364
1463
1205
810
1790
60
410
769
827
143
375
1011
819
276
1470
636
810
1495
448
94
715
1307
176
800
1518
1411
216
343
1046
1214
233
819
472
1030
1281
39
1205
664
1546
375
193
1862
1355
338
1570
268
381
465
174
1751
1662
1345
1757
1297
1433
1182
1892
1601
1256
276
160
627
1534
1097
1922
1846
720
1580
731
5
981
1940
1000
392
1408
438
899
294
1440
167
943
772
713
769
1935
66
1080
1262
364
1542
1086
1207
1422
1866
804
929
785
1249
1328
1191
1133
148
1632
666
986
666
52
1212
1744
1412
1671
1647
1300
636
1733
1253
459
25
1534
1924
675
765
1855
1509
166
1333
1784
235
1523
630
230
1790
82
128
843
1641
1032
1855
1127
1655
1447
803
863
563
635
512
1737
424
1823
1538
724
742
733
1923
1277
418
570
1749
52
1066
431
911
243
1290
1616
1143
1498
745
1773
1367
1284
947
1252
3
1280
404
642
1723
345
1811
881
1237
1149
16
1805
1812
1607
966
132
1795
1609
989
669
350
515
80
1182
1348
1934
43
1507
1714
1907
1499
577
1501
1338
104
11
1923
242
104
1153
1230
1467
1216
1022
1058
1413
1677
428
1205
939
582
287
55
386
651
1393
712
420
474
764
36
1521
1911
974
534
1436
42
967
800
1511
733
1875
925
163
1401
782
18
1323
1014
805
739
1560
685
1286
160
791
279
1202
351
1545
142
1686
288
1686
1647
891
324
1530
1369
1113
116
1370
1733
629
642
795
441
519
1762
1734
739
1026
379
1174
1444
1764
1729
594
296
579
214
1477
596
1710
502
1830
1773
612
1665
596
1854
459
12
1268
1198
1922
405
967
1507
1916
1336
1298
549
135
1915
1679
73
1923
500
211
775
146
1105
1309
531
1421
764
548
877
1543
1037
1534
1630
919
1911
397
87
783
623
1323
180
860
1020
634
1876
1660
126
1625
678
1380
573
271
424
577
454
1483
1590
1142
1081
463
1822
1098
1015
1538
1106
377
1376
582
1747
864
822
1684
76
665
269
1904
1055
1315
1204
1914
1298
1927
536
1433
1794
801
301
260
1071
1724
794
1631
683
383
85
603
675
345
1739
1612
754
848
1330
1694
303
952
1847
763
1498
124
630
664
1380
1478
1746
1263
468
215
462
1090
186
461
330
766
1679
1703
262
942
42
528
1029
568
1831
1033
1865
1022
577
1237
986
826
1539
1747
1646
267
1217
1368
391
548
95
1246
1840
1095
1750
212
574
651
1355
92
290
1295
1908
1110
107
67
935
826
436
1170
1226
1598
765
881
1137
38
1216
1925
916
578
755
1853
1603
47
1667
840
735
953
421
1571
472
1668
1387
768
552
1296
1242
161
1707
913
1650
1046
636
1390
741
989
1858
1419
169
1577
1579
1531
1851
475
934
745
1308
1416
9
1579
662
1132
473
1774
328
1272
27
1229
1182
830
610
1899
1609
931
638
1232
1509
412
1485
1645
1895
1800
108
480
496
377
509
1669
1611
1926
326
1512
1202
377
1620
1782
454
205
517
399
1362
1787
1831
473
1215
1119
858
1717
494
1346
950
497
1515
55
1404
1257
455
1633
750
1199
906
1427
63
910
52
43
701
1694
1501
692
725
151
140
836
1505
336
1593
690
1466
1500
814
1875
713
734
1545
913
1313
137
1907
1082
1690
1165
1402
192
413
948
1224
806
595
897
666
681
427
1051
1155
93
721
71
1103
450
1127
834
264
665
558
858
1473
850
1700
1188
1531
234
151
1895
1544
134
201
1170
1242
118
1921
1390
587
1561
1268
761
1391
570
689
1838
1396
779
1002
1646
1101
1350
1591
1495
461
1720
913
1902
682
1282
472
317
1084
1809
840
452
1638
492
293
1397
781
1168
554
956
603
906
216
1354
9
1894
1704
1163
748
990
517
1628
761
923
137
654
1115
1160
1670
417
1112
1371
637
1496
1492
904
1210
770
180
172
419
1263
642
1271
980
1609
719
483
1682
1831
249
1502
401
1836
392
802
90
640
1835
1937
1830
128
215
803
268
1295
1201
1717
39
193
950
166
605
1840
1835
1541
167
886
1163
1082
958
1780
35
1041
1317
183
418
508
191
1085
1136
1092
302
204
943
1787
927
645
341
606
1513
1196
1503
567
1154
1492
212
242
886
820
1777
1775
1620
287
850
204
1547
1518
505
1868
1773
165
1184
755
595
1616
202
215
1304
360
959
1208
61
1708
932
1393
1163
321
1307
1437
973
1140
1151
841
1442
1933
1072
624
337
843
1385
573
670
1664
689
414
938
1010
1374
1487
1461
520
2
1819
67
547
1913
818
1326
242
1051
655
1234
1023
223
1818
151
1151
1329
1086
616
1384
843
1281
101
1437
536
456
298
1787
345
547
483
766
625
463
19
1704
1777
626
977
1057
1226
741
1887
1623
245
1643
1904
1442
1093
1164
1419
318
1598
849
1355
1790
933
1002
307
1393
515
930
1640
1327
581
839
109
1382
759
1069
385
452
258
1661
1602
351
728
1032
1908
557
296
1376
1614
266
1040
416
127
821
1264
678
1298
201
1127
1436
942
889
440
1134
651
1565
313
658
252
78
135
1822
1163
931
619
1622
1231
428
469
1722
692
438
923
1747
1795
418
4
953
128
1816
1398
1128
1830
752
395
727
1155
1381
1878
972
1045
1863
101
647
1210
1170
147
1620
416
370
1625
907
1827
1261
1235
649
35
1160
636
131
953
879
601
1049
979
996
796
1211
1827
663
0
781
1315
1516
857
1868
1892
1418
1312
1322
221
407
1169
400
1192
1779
1723
866
1768
704
510
1847
32
1744
1769
990
392
1725
24
386
310
896
1750
1544
1773
157
943
1449
1747
785
333
581
1836
1214
1070
1652
894
1497
1509
1661
737
1596
1419
530
21
1415
222
1043
1270
446
1825
1631
1691
131
337
1014
1550
516
34
185
602
1059
333
378
1463
1229
359
125
282
213
1661
64
286
576
688
1392
1796
203
846
368
1404
1417
323
514
759
1081
777
391
1516
1447
362
1722
1128
995
268
1245
779
1558
298
108
188
1848
760
1041
730
923
446
1184
354
722
286
899
924
1914
525
420
1393
759
612
1178
1940
318
598
1114
699
329
526
537
1031
34
1663
1330
1459
1182
7
103
1221
1534
218
1604
816
49
935
5
1130
1261
978
391
268
734
1487
1035
754
336
864
497
1391
321
174
1085
554
1044
1211
1496
536
1225
902
1727
635
1059
1518
484
678
1152
54
1553
1923
944
1401
578
795
882
1845
501
1521
1017
236
735
1630
1134
786
1267
266
534
1167
1035
825
1931
1472
585
11
1577
266
408
593
829
192
284
1172
1611
638
475
725
1583
1895
838
7
619
1766
1176
740
1104
832
1623
124
270
1601
817
90
919
1127
1326
134
1769
1744
159
1162
1832
1902
92
1909
413
691
1373
207
419
1389
537
415
1429
302
591
1281
0
928
1780
723
1676
1272
638
1078
570
759
631
1428
1076
1382
765
502
1324
1920
458
959
1103
1041
1329
887
658
1237
1744
1717
314
538
1847
1346
1132
121
554
1110
427
1232
231
513
122
1146
1159
625
352
1761
475
1630
416
1609
737
1661
1094
390
14
1798
1473
969
1652
1401
1038
1660
626
603
1752
1026
1858
1523
1787
1518
1348
1227
477
848
562
1904
1750
1513
855
536
1475
1862
9
1460
1861
58
861
857
1387
1725
1119
1885
530
1455
787
1215
1651
1167
529
1094
1600
1856
1569
1647
1072
1216
186
698
1259
574
442
828
916
625
445
1629
1369
557
1170
826
1676
387
1718
1493
525
335
372
739
217
1417
799
913
54
656
1179
873
230
1573
442
1002
1137
1410
380
707
543
891
604
327
494
1456
1712
1553
1040
21
1924
1441
1062
163
1268
1643
1795
934
1303
729
346
1529
1285
1478
1267
1542
612
1308
346
156
1362
1472
533
1203
1337
1477
1120
1651
715
428
249
1722
285
234
157
1490
925
262
626
613
51
253
1374
726
800
733
1031
764
1394
221
903
1749
1679
1419
313
1384
1627
156
370
1613
1026
1598
1015
155
1323
423
838
946
1070
949
712
1873
1366
370
813
802
291
96
764
1368
306
1676
578
1840
98
1120
23
396
1318
1176
552
352
1914
1661
332
128
1041
1349
1477
428
1667
1854
1117
610
791
163
1072
1126
856
17
105
1407
1595
1223
1328
804
1532
82
1808
1383
1585
1078
1439
139
331
1626
1458
1513
257
1387
4
1507
537
1111
316
224
261
1430
683
706
1217
1696
1155
1701
1340
727
552
1372
866
734
0
1754
59
169
562
572
1200
954
813
930
638
1355
1275
1029
244
208
617
1918
1877
946
1792
1785
189
884
1307
22
1569
1420
415
1224
1534
1789
692
129
1828
1643
1066
379
1419
792
750
269
28
604
950
662
100
1097
724
872
42
23
1069
1682
1768
687
1332
70
189
1375
178
1228
1137
1521
541
275
571
1068
1022
415
845
346
451
1917
1203
779
1436
1382
513
1884
1799
19
1075
1146
1295
161
1811
374
548
994
1534
1598
765
949
1873
1686
264
1507
492
1179
1115
1300
335
388
1791
1368
843
1585
894
1109
1108
1509
352
1928
1780
598
1775
800
14
821
734
1608
1279
1339
1925
1833
145
760
33
1089
454
556
62
1158
1627
1567
1022
1096
1391
373
33
1244
1118
1642
1915
1756
503
1648
62
1181
77
1684
1715
1714
298
1224
1013
1542
964
1053
1606
1057
1356
1842
687
262
271
1097
1696
224
1519
1294
392
229
1398
1506
1643
581
1265
1855
1930
901
386
538
1444
751
541
1423
1075
1644
1900
1715
287
378
1778
549
1649
114
1857
955
1
359
830
449
1784
1000
1915
1735
0
1673
11
1030
1486
1567
608
470
110
772
636
919
1140
526
559
653
659
847
659
1934
535
1515
1161
1557
1089
845
1496
1093
1851
313
228
1246
905
845
657
780
178
848
610
793
382
1375
1255
1267
1206
366
1604
556
1723
526
454
906
340
1581
903
121
828
11
19
1389
231
1137
1884
1040
739
1537
1297
1074
1741
411
264
41
1267
1272
784
330
1030
1385
931
1020
1846
891
1709
524
1576
518
1546
410
334
600
1565
212
1817
1474
1229
1477
202
377
1886
1029
325
781
1526
38
358
1010
1567
1712
1702
1523
1301
1360
410
1706
1426
650
71
1040
259
1452
1543
154
33
820
972
1692
1708
511
339
495
1697
1327
959
730
746
668
1394
1303
1153
1173
1564
729
1024
650
708
1701
1713
1091
325
211
769
318
273
687
1259
517
1769
1723
1322
276
1748
262
711
531
341
1352
1885
680
645
1741
47
1193
1715
1305
155
1090
488
1414
307
1471
835
1848
609
1282
161
815
701
693
1386
1186
1648
1605
1451
300
1515
645
211
1819
1792
652
1913
1372
129
950
1340
702
906
1186
972
212
1653
1607
268
1685
1417
1268
361
366
1679
934
492
1926
583
1924
1143
110
1363
228
1299
36
1031
675
598
169
946
472
477
362
221
1388
1582
547
1588
310
902
935
625
1373
1774
574
1896
796
1675
1297
1497
1291
197
1521
1538
430
1246
999
1352
720
574
1742
1112
257
1276
1816
691
1324
1505
1651
726
271
1120
865
197
1213
1220
967
280
1188
710
1569
0
319
1354
196
551
493
1721
864
1296
840
980
1711
79
1599
1510
118
1717
1326
1291
769
1269
1918
1447
943
594
1015
1561
1429
92
768
1546
1134
648
834
1557
685
315
1343
22
1339
29
990
1299
330
503
783
1307
1478
541
1001
643
1680
63
1376
826
713
889
835
1597
729
1117
1211
1074
357
311
583
980
580
653
709
54
597
1540
915
1806
728
87
471
301
1767
871
1726
573
1338
1510
1368
901
352
1415
1430
1815
93
1236
1437
1208
1928
1556
824
1215
100
1539
1010
1628
368
557
990
1921
1181
1209
444
430
1160
239
38
1570
1791
1679
1390
1685
1244
664
350
1211
1467
1774
251
941
395
702
1007
1774
1660
1864
52
556
1489
740
795
396
175
465
546
1593
321
1181
480
1104
1061
918
117
917
1435
540
1440
566
1867
44
1791
1009
1253
1030
543
766
1112
779
888
727
1580
314
638
832
1560
221
1504
803
1022
1059
940
867
1364
557
288
495
1264
314
1927
1831
262
263
972
636
354
1204
608
258
1821
1658
897
61
1625
1765
464
1925
337
597
1482
473
352
129
305
1631
299
1313
586
1283
969
360
220
544
1015
184
439
1843
1459
1861
1176
1434
670
1712
1250
80
1476
935
1011
297
1019
378
1921
1843
192
492
1222
202
1129
144
748
1365
57
755
310
437
1028
1740
1677
61
268
1543
783
638
811
564
1701
599
1841
1015
667
924
1192
784
155
1643
326
1427
820
737
494
767
1735
784
1122
323
862
764
1777
838
5
1493
382
1775
1877
332
1774
1881
823
1200
1080
1054
517
1741
130
349
1930
1641
1156
1151
1238
1854
1624
19
764
971
624
550
1502
405
737
1480
755
304
1431
1575
1449
446
828
1105
472
500
834
496
842
1286
813
1339
674
806
196
643
471
118
1634
363
669
1536
338
1270
1842
612
1346
1412
1412
942
1495
56
810
1097
61
123
841
176
1546
1386
361
593
528
1268
1466
991
1725
429
989
220
944
1610
332
398
1706
1084
1521
1361
269
910
1588
1532
1548
846
898
497
744
767
1436
1057
483
293
1761
1295
1321
1532
545
1246
1128
963
1566
955
1450
1720
1615
202
513
979
1808
1249
1076
584
1769
958
70
1870
300
606
1254
321
193
812
157
1747
394
598
66
1556
65
655
444
1255
1685
1869
1905
1188
1423
847
1940
1122
888
1497
1727
173
1571
1203
131
911
1521
868
1303
676
187
385
663
375
805
1007
1194
1882
1202
1778
579
309
1335
1844
1780
1454
1111
1665
21
1034
38
530
336
905
1104
1080
248
1394
38
323
1654
1486
1661
1003
502
736
41
1175
778
872
990
